0.941779 70
0.112866 1
6.828798 1
0.440751 1
0.166260 1
0.249686 1
1.047855 1
0.351925 1
0.319949 1
0.856151 1
0.392008 1
0.544266 1
0.823641 1
0.280509 1
0.223645 4
0.472085 1
0.871594 1
0.128403 1
0.271833 1
0.367962 1
0.152162 1
1.647571 1
0.432491 1
0.167937 1
0.135897 1
0.160175 1
0.159987 1
0.111669 1
0.216336 1
0.775830 1
0.798576 1
0.105252 1
0.200158 1
0.251205 1
0.292919 1
0.207653 1
0.304511 1
0.127966 1
0.192061 1
0.127847 1
0.399721 1
0.192294 1
0.184005 1
0.520164 1
0.159870 1
0.183824 1
0.152085 1
0.200534 1
0.655643 1
0.143956 1
0.287930 1
0.143547 1
0.192374 1
0.119758 1
0.200322 1
0.071946 1
0.120217 1
0.463609 1
0.128192 1
0.215979 1
0.232051 1
0.784068 1
0.143990 1
0.158383 1
1.897607 1
1.784037 74
0.648450 1
2.062877 1
0.280466 1
0.128294 1
0.159827 1
0.424293 1
0.152014 1
0.271764 1
1.143768 1
0.151713 1
0.112033 1
0.192535 1
0.063850 4
0.615910 74
1.304835 1
4.175572 1
0.143944 1
0.159975 1
0.712081 1
0.184094 1
0.111819 1
0.111999 4
0.164308 2
0.460144 15
0.055543 43
0.000464 22
0.000265 10
0.000065 4
0.004227 2047
0.003518 983
0.000915 12
0.000315 19
0.000009 100
0.023027 49
1.150904 19
0.264529 35
0.935719 19
0.352113 19
0.816074 19
0.175969 19
0.168014 19
0.135958 19
0.184106 19
0.231187 19
0.088322 19
0.160291 19
0.344254 19
0.159881 19
0.195301 19
0.204671 19
1.191727 19
0.088312 19
0.271855 19
0.608321 19
0.239941 37
0.720112 37
0.191832 19
0.655878 19
0.200369 19
0.135856 19
0.295927 19
0.176189 19
0.567859 19
0.231836 19
0.176116 19
0.832117 19
0.103855 19
0.232196 19
0.200156 19
0.095656 19
0.152153 19
0.143872 19
0.808085 19
0.176118 19
0.185477 19
0.310189 19
0.312204 19
0.175946 19
0.143736 19
0.191919 19
0.912395 19
0.480044 19
0.135989 19
0.207981 19
0.904102 19
0.695973 37
1.047976 196
0.366181 49
2.033512 19
0.208305 19
1.319482 19
0.208459 19
0.111935 19
0.943758 19
0.288030 19
0.112736 19
0.159641 19
1.759992 19
0.808067 19
0.111444 19
0.144282 19
0.208086 148
1.405829 49
1.018239 19
0.223768 19
1.808432 19
0.336176 19
0.079573 19
0.328163 19
0.400079 73
0.906101 49
1.773861 19
0.207943 35
0.920095 19
0.456132 19
0.167841 19
0.200104 19
0.351872 19
0.167919 19
0.727979 19
0.344118 19
0.071993 19
0.183917 19
0.104060 19
0.152642 19
0.119433 19
0.127993 106
0.440052 49
3.168146 19
0.207832 19
1.696050 35
1.280062 19
0.239451 19
1.552574 19
2.631970 19
0.319832 19
2.128608 19
0.223595 19
0.183775 19
0.160239 160
0.902676 67
3.033459 19
0.303261 9
0.474389 140
0.001937 70
0.000669 1
6.291831 1
0.175935 1
0.255922 1
2.072095 1
0.095991 1
0.439758 1
0.240143 1
0.135676 1
0.200319 1
0.520111 1
0.567806 1
0.208167 1
0.151961 1
0.215677 1
0.128102 1
0.312163 1
0.096151 1
0.224220 2
0.320313 29
0.000166 70
0.001033 1
6.654546 1
0.271785 1
0.200094 1
0.183899 8
